Date, Numeric Delivery Month, Open, High, Low, Close, Volume
20131001,    54, 0.01110000, 0.01240000, 0.01100000, 0.01200000,    6528
20131002,    54, 0.01240000, 0.01300000, 0.01110000, 0.01300000,   19190
20131003,    54, 0.01300000, 0.01300000, 0.01130000, 0.01130000,   12864
20131004,    54, 0.01220000, 0.01220000, 0.01020000, 0.01190000,    3592
20131007,    54, 0.01050000, 0.01140000, 0.01000000, 0.01020000,    8714
20131008,    54, 0.01060000, 0.01070000, 0.00900000, 0.00900000,   29987
20131009,    54, 0.00820000, 0.00890000, 0.00700000, 0.00730000,   20528
20131010,    54, 0.00730000, 0.00850000, 0.00660000, 0.00850000,   12047
20131011,    54, 0.00750000, 0.00800000, 0.00710000, 0.00720000,   17896
20131014,    54, 0.00700000, 0.00750000, 0.00650000, 0.00700000,   12109
20131015,    54, 0.00770000, 0.00770000, 0.00660000, 0.00660000,    4240
20131016,    54, 0.00680000, 0.00790000, 0.00680000, 0.00680000,   11936
20131017,    54, 0.00690000, 0.00920000, 0.00690000, 0.00900000,   25434
20131018,    54, 0.00900000, 0.01200000, 0.00860000, 0.01100000,   19499
20131021,    54, 0.01090000, 0.01090000, 0.00970000, 0.01050000,    8346
20131022,    54, 0.01070000, 0.01070000, 0.00900000, 0.01050000,   14520
20131023,    54, 0.01000000, 0.01000000, 0.00850000, 0.01000000,   11180
20131024,    54, 0.00810000, 0.00900000, 0.00720000, 0.00900000,   14496
20131025,    54, 0.01240000, 0.01240000, 0.00710000, 0.00990000,    5473
20131028,    54, 0.00990000, 0.01090000, 0.00990000, 0.01070000,     604
20131029,    54, 0.01070000, 0.01070000, 0.00870000, 0.00950000,    2790
20131030,    54, 0.00870000, 0.00950000, 0.00800000, 0.00950000,    5097
20131031,    54, 0.00950000, 0.00950000, 0.00950000, 0.00950000,       0
20131101,    54, 0.00900000, 0.00900000, 0.00760000, 0.00880000,    7541
20131104,    54, 0.00760000, 0.00880000, 0.00760000, 0.00800000,    3883
20131105,    54, 0.00800000, 0.00890000, 0.00800000, 0.00890000,    5410
20131106,    54, 0.00890000, 0.00890000, 0.00750000, 0.00890000,    3519
20131107,    54, 0.00750000, 0.00750000, 0.00750000, 0.00750000,     460
20131108,    54, 0.00750000, 0.01030000, 0.00750000, 0.01030000,    4766
20131111,    54, 0.01050000, 0.01050000, 0.00810000, 0.01050000,    3212
20131112,    54, 0.01050000, 0.01050000, 0.00820000, 0.00850000,    4144
20131113,    54, 0.00840000, 0.01000000, 0.00840000, 0.00880000,    7865
20131114,    54, 0.00990000, 0.01000000, 0.00880000, 0.01000000,    1184
20131115,    54, 0.00960000, 0.01050000, 0.00950000, 0.01050000,   11393
20131118,    54, 0.00950000, 0.01100000, 0.00870000, 0.01100000,    7767
20131119,    54, 0.00910000, 0.01400000, 0.00910000, 0.01400000,    6341
20131120,    54, 0.01450000, 0.02700000, 0.01400000, 0.02400000,   79901
20131121,    54, 0.02500000, 0.02500000, 0.01600000, 0.01990000,   31665
20131122,    54, 0.02030000, 0.02600000, 0.01600000, 0.02500000,   20579
20131125,    54, 0.02500000, 0.03700000, 0.02000000, 0.03300000,   57836
20131126,    54, 0.03300000, 0.04300000, 0.03300000, 0.04000000,   70267
20131127,    54, 0.04000000, 0.04290000, 0.03400000, 0.04290000,   47477
20131129,    54, 0.04300000, 0.04390000, 0.03610000, 0.04360000,   46412
20131202,    54, 0.04300000, 0.04350000, 0.03760000, 0.03800000,   34903
20131203,    54, 0.03800000, 0.04030000, 0.03800000, 0.03990000,   18120
20131204,    54, 0.04000000, 0.04000000, 0.03090000, 0.03090000,   16155
20131205,    54, 0.03750000, 0.03750000, 0.02450000, 0.03100000,   44697
20131206,    54, 0.03000000, 0.03340000, 0.02750000, 0.03000000,   16811
20131209,    54, 0.03000000, 0.03850000, 0.02840000, 0.03500000,   17627
20131210,    54, 0.03500000, 0.03900000, 0.02400000, 0.02790000,   35964
20131211,    54, 0.02750000, 0.02900000, 0.02160000, 0.02560000,   24934
20131212,    54, 0.02700000, 0.02800000, 0.02400000, 0.02800000,   20543
20131213,    54, 0.02800000, 0.02800000, 0.02450000, 0.02490000,   10019
20131216,    54, 0.02450000, 0.02600000, 0.02030000, 0.02400000,   34566
20131217,    54, 0.02200000, 0.02300000, 0.01820000, 0.01940000,   29062
20131218,    54, 0.02390000, 0.02390000, 0.01900000, 0.02200000,   17326
20131219,    54, 0.02100000, 0.02100000, 0.01800000, 0.01950000,   17439
20131220,    54, 0.01910000, 0.02500000, 0.01880000, 0.02200000,   20686
20131223,    54, 0.02300000, 0.02300000, 0.01910000, 0.02090000,   13149
20131224,    54, 0.02090000, 0.02100000, 0.01930000, 0.02090000,    7318
20131226,    54, 0.01930000, 0.02090000, 0.01900000, 0.01990000,   17483
20131227,    54, 0.02000000, 0.02780000, 0.01950000, 0.02600000,   14136
20131230,    54, 0.02770000, 0.03000000, 0.02630000, 0.03000000,   36047
20131231,    54, 0.03000000, 0.03070000, 0.02550000, 0.02990000,   13178
20140102,    54, 0.02700000, 0.03000000, 0.02550000, 0.02800000,   10555
20140103,    54, 0.02610000, 0.02800000, 0.02220000, 0.02800000,   14548
20140106,    54, 0.02800000, 0.02800000, 0.02150000, 0.02200000,    9173
20140107,    54, 0.02100000, 0.02400000, 0.02020000, 0.02350000,   20067
20140108,    54, 0.02050000, 0.02340000, 0.02000000, 0.02200000,   11687
20140109,    54, 0.02000000, 0.02140000, 0.01900000, 0.02100000,   11931
20140110,    54, 0.02100000, 0.02720000, 0.02010000, 0.02600000,   15172
20140113,    54, 0.02720000, 0.02720000, 0.01950000, 0.02100000,   15213
20140114,    54, 0.02100000, 0.02290000, 0.02000000, 0.02210000,   17173
20140115,    54, 0.02200000, 0.02250000, 0.01940000, 0.02250000,   20415
20140116,    54, 0.01960000, 0.02290000, 0.01960000, 0.02050000,   10435
20140117,    54, 0.02050000, 0.02200000, 0.01890000, 0.02180000,   15124
20140121,    54, 0.02120000, 0.02200000, 0.01870000, 0.02090000,   25817
20140122,    54, 0.02090000, 0.02090000, 0.01640000, 0.01900000,   15433
20140123,    54, 0.01900000, 0.01900000, 0.01740000, 0.01760000,    3922
20140124,    54, 0.01720000, 0.01860000, 0.01600000, 0.01650000,   38283
20140127,    54, 0.01800000, 0.01800000, 0.01510000, 0.01560000,   25456
20140128,    54, 0.01690000, 0.01700000, 0.01550000, 0.01600000,   11549
20140129,    54, 0.01550000, 0.01600000, 0.01300000, 0.01600000,   23333
20140130,    54, 0.01420000, 0.01500000, 0.01300000, 0.01320000,   25061
20140131,    54, 0.01400000, 0.01900000, 0.01270000, 0.01900000,   21583
20140203,    54, 0.01850000, 0.01850000, 0.01540000, 0.01550000,    6435
20140204,    54, 0.01530000, 0.01780000, 0.01380000, 0.01420000,   15331
20140205,    54, 0.01530000, 0.01530000, 0.01490000, 0.01490000,    4516
20140206,    54, 0.01450000, 0.01540000, 0.01400000, 0.01400000,    9529
20140207,    54, 0.01500000, 0.01600000, 0.01400000, 0.01600000,    8528
20140210,    54, 0.01700000, 0.01700000, 0.01400000, 0.01500000,    2911
20140211,    54, 0.01690000, 0.01690000, 0.01380000, 0.01380000,    9876
20140212,    54, 0.01580000, 0.01900000, 0.01300000, 0.01900000,   38641
20140213,    54, 0.01900000, 0.01940000, 0.01500000, 0.01720000,    7480
20140214,    54, 0.01600000, 0.01720000, 0.01510000, 0.01720000,   11229
20140218,    54, 0.01500000, 0.01530000, 0.01350000, 0.01450000,   18477
20140219,    54, 0.01450000, 0.01500000, 0.01300000, 0.01500000,   11605
20140220,    54, 0.01320000, 0.01500000, 0.01290000, 0.01400000,   12668
20140221,    54, 0.01400000, 0.01560000, 0.01250000, 0.01350000,   18436
20140224,    54, 0.01350000, 0.01350000, 0.00990000, 0.01180000,   50311
20140225,    54, 0.01180000, 0.01290000, 0.01060000, 0.01290000,    9578
20140226,    54, 0.01290000, 0.01490000, 0.01290000, 0.01420000,   24177
20140227,    54, 0.01300000, 0.01450000, 0.01300000, 0.01320000,    2837
20140228,    54, 0.01320000, 0.01430000, 0.01300000, 0.01430000,    8207
20140303,    54, 0.01430000, 0.01500000, 0.01300000, 0.01500000,   10176
20140304,    54, 0.01500000, 0.01500000, 0.01250000, 0.01380000,    6959
20140305,    54, 0.01300000, 0.01440000, 0.01280000, 0.01310000,    3636
20140306,    54, 0.01350000, 0.01390000, 0.01300000, 0.01390000,    4044
20140307,    54, 0.01390000, 0.01490000, 0.01280000, 0.01480000,   10472
20140310,    54, 0.01380000, 0.01450000, 0.01210000, 0.01400000,    7444
20140311,    54, 0.01300000, 0.01440000, 0.01300000, 0.01300000,    6186
20140312,    54, 0.01300000, 0.01440000, 0.01280000, 0.01440000,    3188
20140313,    54, 0.01400000, 0.01580000, 0.01400000, 0.01580000,    7527
20140314,    54, 0.01580000, 0.02500000, 0.01580000, 0.02100000,   32804
20140317,    54, 0.02150000, 0.02150000, 0.01770000, 0.01910000,    9276
20140318,    54, 0.01780000, 0.01850000, 0.01600000, 0.01650000,    6438
20140319,    54, 0.01800000, 0.01950000, 0.01630000, 0.01920000,    3206
20140320,    54, 0.01950000, 0.02350000, 0.01870000, 0.02250000,   15841
20140321,    54, 0.02250000, 0.02300000, 0.01810000, 0.02250000,   19676
20140324,    54, 0.02100000, 0.02550000, 0.01900000, 0.02410000,   24802
20140325,    54, 0.02500000, 0.02550000, 0.02120000, 0.02270000,   35431
20140326,    54, 0.02270000, 0.02270000, 0.01660000, 0.01690000,   36425
20140327,    54, 0.01660000, 0.02190000, 0.01650000, 0.01940000,   14057
20140328,    54, 0.01750000, 0.01800000, 0.01500000, 0.01700000,   24210
20140331,    54, 0.01700000, 0.01700000, 0.01360000, 0.01500000,   26577
20140401,    54, 0.01450000, 0.01500000, 0.01300000, 0.01450000,   21270
20140402,    54, 0.01450000, 0.01500000, 0.01350000, 0.01400000,   13097
20140403,    54, 0.01350000, 0.01490000, 0.01290000, 0.01430000,    7798
20140404,    54, 0.01350000, 0.01690000, 0.01340000, 0.01690000,    5733
20140407,    54, 0.01690000, 0.01700000, 0.01340000, 0.01480000,    7031
20140408,    54, 0.01480000, 0.01680000, 0.01280000, 0.01680000,    5912
20140409,    54, 0.01400000, 0.01680000, 0.01380000, 0.01380000,    9002
20140410,    54, 0.01380000, 0.01590000, 0.01350000, 0.01580000,    1933
20140411,    54, 0.01500000, 0.01570000, 0.01380000, 0.01410000,   10928
20140414,    54, 0.01400000, 0.01520000, 0.01280000, 0.01520000,   31415
20140415,    54, 0.01550000, 0.01550000, 0.01300000, 0.01510000,    4223
20140416,    54, 0.01510000, 0.01510000, 0.01270000, 0.01350000,    4816
20140417,    54, 0.01320000, 0.01520000, 0.01250000, 0.01520000,   12549
20140421,    54, 0.01500000, 0.01500000, 0.01310000, 0.01390000,    5174
20140422,    54, 0.01280000, 0.01500000, 0.01250000, 0.01500000,   19866
20140423,    54, 0.01450000, 0.01450000, 0.01100000, 0.01390000,   19634
20140424,    54, 0.01200000, 0.01200000, 0.01150000, 0.01190000,    3637
20140425,    54, 0.01150000, 0.01200000, 0.01150000, 0.01150000,    4116
20140428,    54, 0.01150000, 0.01450000, 0.01120000, 0.01440000,   17668
20140429,    54, 0.01400000, 0.01450000, 0.01200000, 0.01300000,   16768
20140430,    54, 0.01290000, 0.01350000, 0.01150000, 0.01350000,   11587
20140501,    54, 0.01350000, 0.01550000, 0.01300000, 0.01550000,    9298
20140502,    54, 0.01500000, 0.01700000, 0.01300000, 0.01690000,    5714
20140505,    54, 0.01600000, 0.01600000, 0.01200000, 0.01340000,   11408
20140506,    54, 0.01340000, 0.01340000, 0.01200000, 0.01250000,   14901
20140507,    54, 0.01300000, 0.01450000, 0.01210000, 0.01350000,    6765
20140508,    54, 0.01400000, 0.01450000, 0.01400000, 0.01400000,   12640
20140509,    54, 0.01450000, 0.01480000, 0.01310000, 0.01410000,    7147
20140512,    54, 0.01350000, 0.01350000, 0.01290000, 0.01320000,    3112
20140513,    54, 0.01320000, 0.01460000, 0.01310000, 0.01370000,    3734
20140514,    54, 0.01350000, 0.01520000, 0.01300000, 0.01520000,    6716
20140515,    54, 0.01520000, 0.01520000, 0.01250000, 0.01490000,   13885
20140516,    54, 0.01490000, 0.01500000, 0.01340000, 0.01500000,    2148
20140519,    54, 0.01450000, 0.01450000, 0.01320000, 0.01400000,    1561
20140520,    54, 0.01330000, 0.01480000, 0.01330000, 0.01480000,    5045
20140521,    54, 0.01480000, 0.01850000, 0.01400000, 0.01700000,   18341
20140522,    54, 0.01650000, 0.01750000, 0.01550000, 0.01750000,   15271
20140523,    54, 0.01770000, 0.01960000, 0.01700000, 0.01960000,   22330
20140527,    54, 0.01950000, 0.02100000, 0.01670000, 0.01870000,    6077
20140528,    54, 0.01900000, 0.01960000, 0.01720000, 0.01900000,    5020
20140529,    54, 0.01730000, 0.02250000, 0.01710000, 0.02250000,    7078
20140530,    54, 0.02010000, 0.02700000, 0.02010000, 0.02600000,   18536
20140602,    54, 0.02600000, 0.02600000, 0.02150000, 0.02190000,    3480
20140603,    54, 0.02190000, 0.02500000, 0.02060000, 0.02500000,    7191
20140604,    54, 0.02490000, 0.02490000, 0.02010000, 0.02150000,    3156
20140605,    54, 0.02150000, 0.02190000, 0.01760000, 0.02170000,    8384
20140606,    54, 0.01860000, 0.02170000, 0.01820000, 0.02170000,    8896
20140609,    54, 0.02170000, 0.02170000, 0.01820000, 0.01890000,    3102
20140610,    54, 0.02100000, 0.02520000, 0.01850000, 0.02300000,   34162
20140611,    54, 0.02120000, 0.02290000, 0.02120000, 0.02250000,    6034
20140612,    54, 0.02150000, 0.02500000, 0.02150000, 0.02320000,    4729
20140613,    54, 0.02300000, 0.02500000, 0.01980000, 0.02350000,   14374
20140616,    54, 0.02210000, 0.02520000, 0.01980000, 0.02010000,    8797
20140617,    54, 0.02060000, 0.02800000, 0.01990000, 0.02710000,   19016
20140618,    54, 0.02600000, 0.02800000, 0.02410000, 0.02800000,    2874
20140619,    54, 0.02800000, 0.02900000, 0.02520000, 0.02780000,    5280
20140620,    54, 0.02800000, 0.02840000, 0.02460000, 0.02650000,    5589
20140623,    54, 0.02650000, 0.02650000, 0.02350000, 0.02450000,   10457
20140624,    54, 0.02450000, 0.02990000, 0.02450000, 0.02910000,   10713
20140625,    54, 0.02910000, 0.02910000, 0.02600000, 0.02910000,    3529
20140626,    54, 0.02910000, 0.02910000, 0.02640000, 0.02650000,    3834
20140627,    54, 0.02700000, 0.02700000, 0.02500000, 0.02630000,    2347
20140630,    54, 0.02650000, 0.02650000, 0.02480000, 0.02500000,    2038
20140701,    54, 0.02550000, 0.02550000, 0.02350000, 0.02400000,    1153
20140702,    54, 0.02410000, 0.02460000, 0.02400000, 0.02400000,     525
20140703,    54, 0.02400000, 0.02400000, 0.02060000, 0.02330000,    3653
20140707,    54, 0.01700000, 0.02290000, 0.01500000, 0.02130000,   16192
20140708,    54, 0.01920000, 0.02290000, 0.01810000, 0.02290000,   13923
20140709,    54, 0.02420000, 0.02590000, 0.01850000, 0.02590000,    1609
20140710,    54, 0.02650000, 0.02650000, 0.02200000, 0.02300000,    5140
20140711,    54, 0.02300000, 0.02550000, 0.02200000, 0.02500000,     939
20140714,    54, 0.02280000, 0.02300000, 0.02050000, 0.02100000,    7058
20140715,    54, 0.02020000, 0.02450000, 0.01950000, 0.02430000,    7492
20140716,    54, 0.02430000, 0.02430000, 0.02130000, 0.02240000,     848
20140717,    54, 0.02240000, 0.02250000, 0.02230000, 0.02230000,    1222
20140718,    54, 0.02230000, 0.02400000, 0.02110000, 0.02110000,    2005
20140721,    54, 0.02110000, 0.02170000, 0.01800000, 0.01980000,    4394
20140722,    54, 0.01810000, 0.01970000, 0.01750000, 0.01970000,    5683
20140723,    54, 0.01800000, 0.01940000, 0.01800000, 0.01940000,    2460
20140724,    54, 0.01850000, 0.01930000, 0.01800000, 0.01900000,    4777
20140725,    54, 0.01850000, 0.01930000, 0.01850000, 0.01920000,    2866
20140728,    54, 0.01850000, 0.01990000, 0.01750000, 0.01800000,    8140
20140729,    54, 0.01990000, 0.01990000, 0.01720000, 0.01720000,     510
20140730,    54, 0.01800000, 0.01890000, 0.01770000, 0.01860000,    4551
20140731,    54, 0.01880000, 0.01900000, 0.01770000, 0.01780000,    2953
20140801,    54, 0.01780000, 0.01890000, 0.01780000, 0.01890000,     547
20140804,    54, 0.01770000, 0.01900000, 0.01710000, 0.01900000,    6882
20140805,    54, 0.01800000, 0.01850000, 0.01710000, 0.01850000,     685
20140806,    54, 0.01770000, 0.01900000, 0.01720000, 0.01890000,    9949
20140807,    54, 0.01890000, 0.01890000, 0.01750000, 0.01890000,    2200
20140808,    54, 0.01810000, 0.01900000, 0.01790000, 0.01860000,    4914
20140811,    54, 0.01790000, 0.01850000, 0.01720000, 0.01850000,    2553
20140812,    54, 0.01700000, 0.01840000, 0.01700000, 0.01840000,     577
20140813,    54, 0.01720000, 0.01720000, 0.01700000, 0.01700000,    2842
20140814,    54, 0.01760000, 0.01760000, 0.01660000, 0.01660000,    2020
20140815,    54, 0.01750000, 0.01880000, 0.01740000, 0.01880000,     427
20140818,    54, 0.01740000, 0.01880000, 0.01700000, 0.01800000,    6300
20140819,    54, 0.01750000, 0.02590000, 0.01750000, 0.02100000,   15076
20140820,    54, 0.02100000, 0.02200000, 0.02000000, 0.02000000,    1252
20140821,    54, 0.02000000, 0.02000000, 0.02000000, 0.02000000,     700
20140822,    54, 0.02140000, 0.02250000, 0.01900000, 0.01900000,    8835
20140825,    54, 0.01900000, 0.02250000, 0.01900000, 0.02240000,    5703
20140826,    54, 0.02080000, 0.02450000, 0.02080000, 0.02160000,    4896
20140827,    54, 0.02350000, 0.02400000, 0.02190000, 0.02190000,    1627
20140828,    54, 0.02250000, 0.02400000, 0.02180000, 0.02400000,    3049
20140829,    54, 0.02400000, 0.02400000, 0.02280000, 0.02300000,    2253
20140902,    54, 0.02300000, 0.02500000, 0.02300000, 0.02500000,    4633
20140903,    54, 0.02400000, 0.02500000, 0.02300000, 0.02460000,    8191
20140904,    54, 0.02350000, 0.02750000, 0.02350000, 0.02730000,    4987
20140905,    54, 0.02730000, 0.02890000, 0.02600000, 0.02760000,    6400
20140908,    54, 0.02660000, 0.02700000, 0.02580000, 0.02700000,    2147
20140909,    54, 0.02520000, 0.02680000, 0.02180000, 0.02500000,    6704
20140910,    54, 0.02350000, 0.02490000, 0.02110000, 0.02490000,    3353
20140911,    54, 0.02300000, 0.02480000, 0.02100000, 0.02470000,    7471
20140912,    54, 0.02470000, 0.02470000, 0.02260000, 0.02450000,    1169
20140915,    54, 0.02450000, 0.02450000, 0.02100000, 0.02150000,    4144
20140916,    54, 0.02190000, 0.02200000, 0.02000000, 0.02000000,    3381
20140917,    54, 0.02150000, 0.02470000, 0.02150000, 0.02400000,    2080
20140918,    54, 0.02210000, 0.02400000, 0.02000000, 0.02350000,    2714
20140919,    54, 0.02100000, 0.02390000, 0.02010000, 0.02390000,    1980
20140922,    54, 0.02200000, 0.02210000, 0.02060000, 0.02100000,    3144
20140923,    54, 0.02100000, 0.02350000, 0.02100000, 0.02350000,    1062
20140924,    54, 0.02250000, 0.02350000, 0.02100000, 0.02190000,    2412
20140925,    54, 0.02210000, 0.02550000, 0.02090000, 0.02190000,    3407
20140926,    54, 0.02250000, 0.02350000, 0.02120000, 0.02350000,    4622
20140929,    54, 0.02240000, 0.02240000, 0.02240000, 0.02240000,     600
20140930,    54, 0.02310000, 0.02310000, 0.02130000, 0.02310000,    1687
20141001,    54, 0.02190000, 0.02190000, 0.02150000, 0.02150000,    3386
20141002,    54, 0.02160000, 0.02160000, 0.02000000, 0.02020000,    3602
20141003,    54, 0.02030000, 0.02380000, 0.01910000, 0.02250000,    4858
20141006,    54, 0.02250000, 0.02250000, 0.02000000, 0.02230000,     508
20141007,    54, 0.02000000, 0.02140000, 0.02000000, 0.02140000,    1906
20141008,    54, 0.02000000, 0.02290000, 0.01980000, 0.02290000,     528
20141009,    54, 0.02000000, 0.02000000, 0.01930000, 0.01930000,    1242
20141010,    54, 0.01810000, 0.02140000, 0.01810000, 0.02140000,    1199
20141013,    54, 0.01840000, 0.02000000, 0.01830000, 0.01990000,    3226
20141014,    54, 0.02040000, 0.02040000, 0.02040000, 0.02040000,      20
20141015,    54, 0.02440000, 0.02440000, 0.01880000, 0.01990000,    1012
20141016,    54, 0.01810000, 0.01990000, 0.01810000, 0.01840000,     956
20141017,    54, 0.01960000, 0.02000000, 0.01950000, 0.02000000,    4370
20141020,    54, 0.01880000, 0.02000000, 0.01880000, 0.01990000,    4464
20141021,    54, 0.02100000, 0.02100000, 0.01750000, 0.01850000,   17784
20141022,    54, 0.01800000, 0.01800000, 0.01710000, 0.01710000,    6401
20141023,    54, 0.01740000, 0.01740000, 0.01580000, 0.01600000,   13089
20141024,    54, 0.01600000, 0.01800000, 0.01590000, 0.01700000,   12362
20141027,    54, 0.01700000, 0.01800000, 0.01190000, 0.01800000,   47560
20141028,    54, 0.01800000, 0.01880000, 0.01430000, 0.01510000,    3467
20141029,    54, 0.01550000, 0.01800000, 0.01480000, 0.01480000,   26265
20141030,    54, 0.01500000, 0.01500000, 0.01500000, 0.01500000,     478
20141031,    54, 0.01370000, 0.01600000, 0.01370000, 0.01600000,    9408
20141103,    54, 0.01590000, 0.01600000, 0.01450000, 0.01590000,    5199
20141104,    54, 0.01400000, 0.01600000, 0.01400000, 0.01580000,    7800
20141105,    54, 0.01490000, 0.01490000, 0.01350000, 0.01400000,    2852
20141106,    54, 0.01400000, 0.01430000, 0.01310000, 0.01390000,    3462
20141107,    54, 0.01380000, 0.01440000, 0.01350000, 0.01440000,     660
20141110,    54, 0.01440000, 0.01440000, 0.01350000, 0.01350000,    3254
20141111,    54, 0.01340000, 0.01400000, 0.01310000, 0.01310000,    2704
20141112,    54, 0.01350000, 0.01370000, 0.01310000, 0.01370000,    3080
20141113,    54, 0.01480000, 0.01480000, 0.01480000, 0.01480000,     380
20141114,    54, 0.01360000, 0.01590000, 0.01360000, 0.01590000,    6472
20141117,    54, 0.01400000, 0.01400000, 0.01350000, 0.01350000,     706
20141118,    54, 0.01500000, 0.01500000, 0.01370000, 0.01400000,    1655
20141119,    54, 0.01400000, 0.01450000, 0.01250000, 0.01380000,    4191
20141120,    54, 0.01300000, 0.01440000, 0.01300000, 0.01420000,    2180
20141121,    54, 0.01470000, 0.01470000, 0.01350000, 0.01460000,    2153
20141124,    54, 0.01470000, 0.01560000, 0.01260000, 0.01560000,    1466
20141125,    54, 0.01420000, 0.01490000, 0.01250000, 0.01350000,   13916
20141126,    54, 0.01440000, 0.01440000, 0.01310000, 0.01440000,      63
20141128,    54, 0.01440000, 0.01650000, 0.01440000, 0.01650000,    7818
20141201,    54, 0.01680000, 0.01890000, 0.01550000, 0.01850000,   12110
20141202,    54, 0.01810000, 0.01810000, 0.01350000, 0.01500000,   13466
20141203,    54, 0.01500000, 0.01580000, 0.01400000, 0.01560000,   15987
20141204,    54, 0.01370000, 0.01440000, 0.01370000, 0.01430000,    7315
20141205,    54, 0.01490000, 0.01490000, 0.01450000, 0.01460000,     862
20141208,    54, 0.01380000, 0.01550000, 0.01300000, 0.01350000,   11124
20141209,    54, 0.01310000, 0.01390000, 0.01310000, 0.01370000,    1493
20141210,    54, 0.01370000, 0.01370000, 0.01300000, 0.01300000,    4729
20141211,    54, 0.01300000, 0.01300000, 0.01140000, 0.01210000,   14124
20141212,    54, 0.01250000, 0.01250000, 0.01220000, 0.01250000,    1450
20141215,    54, 0.01250000, 0.01250000, 0.01250000, 0.01250000,     640
20141216,    54, 0.01290000, 0.01290000, 0.01150000, 0.01280000,    5003
20141217,    54, 0.01200000, 0.01200000, 0.01200000, 0.01200000,    1930
20141218,    54, 0.01170000, 0.01250000, 0.01170000, 0.01240000,    3763
20141219,    54, 0.01220000, 0.01700000, 0.01200000, 0.01690000,    6612
20141222,    54, 0.01700000, 0.01800000, 0.01560000, 0.01690000,    1695
20141223,    54, 0.01560000, 0.01690000, 0.01560000, 0.01690000,    1020
20141224,    54, 0.01650000, 0.01650000, 0.01650000, 0.01650000,     200
20141226,    54, 0.01690000, 0.01690000, 0.01510000, 0.01690000,     120
20141229,    54, 0.01250000, 0.01690000, 0.01250000, 0.01690000,    1549
20141230,    54, 0.01600000, 0.01640000, 0.01510000, 0.01640000,    2448
20141231,    54, 0.01520000, 0.01690000, 0.01520000, 0.01690000,    2023
20150102,    54, 0.01700000, 0.01700000, 0.01600000, 0.01610000,    6358
20150105,    54, 0.01610000, 0.01620000, 0.01500000, 0.01500000,    2385
20150106,    54, 0.01510000, 0.01510000, 0.01510000, 0.01510000,     500
20150107,    54, 0.01530000, 0.01870000, 0.01490000, 0.01870000,    3890
20150108,    54, 0.01510000, 0.01750000, 0.01510000, 0.01700000,    1912
20150109,    54, 0.01840000, 0.01840000, 0.01560000, 0.01730000,    3641
20150112,    54, 0.01610000, 0.01950000, 0.01550000, 0.01900000,    6944
20150113,    54, 0.01900000, 0.01900000, 0.01690000, 0.01690000,    1482
20150114,    54, 0.01800000, 0.01900000, 0.01690000, 0.01700000,    2340
20150115,    54, 0.01800000, 0.01900000, 0.01630000, 0.01870000,    8521
20150116,    54, 0.02400000, 0.02400000, 0.01740000, 0.01890000,    4550
20150120,    54, 0.01740000, 0.01740000, 0.01710000, 0.01710000,    2060
20150121,    54, 0.01710000, 0.01710000, 0.01650000, 0.01650000,    1260
20150122,    54, 0.01670000, 0.01880000, 0.01650000, 0.01850000,    8706
20150123,    54, 0.01830000, 0.01830000, 0.01800000, 0.01800000,    1600
20150126,    54, 0.01800000, 0.01890000, 0.01800000, 0.01800000,    2345
20150127,    54, 0.01890000, 0.01890000, 0.01700000, 0.01700000,    4330
20150128,    54, 0.01700000, 0.01790000, 0.01670000, 0.01670000,    5772
20150129,    54, 0.01670000, 0.01780000, 0.01670000, 0.01780000,    2233
20150130,    54, 0.01780000, 0.01800000, 0.01730000, 0.01800000,    4102
20150202,    54, 0.01800000, 0.01880000, 0.01760000, 0.01880000,    1117
20150203,    54, 0.01730000, 0.01850000, 0.01730000, 0.01740000,    1800
20150204,    54, 0.01750000, 0.01790000, 0.01750000, 0.01770000,    2150
20150205,    54, 0.01800000, 0.01800000, 0.01770000, 0.01770000,    3201
20150206,    54, 0.01760000, 0.01810000, 0.01510000, 0.01710000,    2755
20150209,    54, 0.01620000, 0.01730000, 0.01590000, 0.01700000,    8470
20150210,    54, 0.01700000, 0.01800000, 0.01650000, 0.01700000,    5074
20150211,    54, 0.01750000, 0.01890000, 0.01740000, 0.01850000,    3347
20150212,    54, 0.01770000, 0.01870000, 0.01700000, 0.01750000,   18175
20150213,    54, 0.01710000, 0.01750000, 0.01500000, 0.01730000,   16068
20150217,    54, 0.01750000, 0.01750000, 0.01470000, 0.01600000,   11036
20150218,    54, 0.01500000, 0.01500000, 0.01300000, 0.01430000,   34750
20150219,    54, 0.01350000, 0.01370000, 0.01110000, 0.01110000,   40373
20150220,    54, 0.01150000, 0.01300000, 0.01120000, 0.01290000,   31349
20150223,    54, 0.01160000, 0.01300000, 0.01120000, 0.01200000,   25348
20150224,    54, 0.01150000, 0.01200000, 0.01060000, 0.01060000,   50646
20150225,    54, 0.01060000, 0.01060000, 0.00810000, 0.00870000,   63732
20150226,    54, 0.00870000, 0.01290000, 0.00840000, 0.00860000,   28046
20150227,    54, 0.00890000, 0.00890000, 0.00810000, 0.00850000,   12336
20150302,    54, 0.00950000, 0.00950000, 0.00760000, 0.00820000,   26399
20150303,    54, 0.00800000, 0.00800000, 0.00720000, 0.00790000,   29125
20150304,    54, 0.00750000, 0.00750000, 0.00700000, 0.00710000,   29875
20150305,    54, 0.00730000, 0.00930000, 0.00730000, 0.00930000,   58673
20150306,    54, 0.00940000, 0.00940000, 0.00850000, 0.00910000,    5289
20150309,    54, 0.01000000, 0.01000000, 0.00810000, 0.00890000,   15371
20150310,    54, 0.00890000, 0.00900000, 0.00810000, 0.00820000,    9497
20150311,    54, 0.00830000, 0.00890000, 0.00760000, 0.00800000,   21228
20150312,    54, 0.00800000, 0.00810000, 0.00780000, 0.00780000,    6785
20150313,    54, 0.00790000, 0.00850000, 0.00710000, 0.00800000,   22126
20150316,    54, 0.00850000, 0.00850000, 0.00750000, 0.00790000,   10603
20150317,    54, 0.00790000, 0.00790000, 0.00710000, 0.00710000,   54123
20150318,    54, 0.00740000, 0.00790000, 0.00710000, 0.00750000,   19081
20150319,    54, 0.00730000, 0.00740000, 0.00700000, 0.00740000,   17392
20150320,    54, 0.00740000, 0.00750000, 0.00740000, 0.00750000,    1400
20150323,    54, 0.00750000, 0.00750000, 0.00710000, 0.00730000,   12974
20150324,    54, 0.00750000, 0.00780000, 0.00730000, 0.00780000,   28901
20150325,    54, 0.00780000, 0.00780000, 0.00780000, 0.00780000,     600
20150326,    54, 0.00800000, 0.00830000, 0.00770000, 0.00790000,    3660
20150327,    54, 0.00850000, 0.01020000, 0.00770000, 0.00830000,   40727
20150330,    54, 0.00750000, 0.00780000, 0.00670000, 0.00710000,   52643
20150331,    54, 0.00710000, 0.00710000, 0.00670000, 0.00670000,   19650
20150401,    54, 0.00680000, 0.00680000, 0.00550000, 0.00580000,   52587
20150402,    54, 0.00600000, 0.00600000, 0.00510000, 0.00510000,   27008
20150406,    54, 0.00500000, 0.00560000, 0.00500000, 0.00540000,   28382
20150407,    54, 0.00590000, 0.00690000, 0.00580000, 0.00620000,   49344
20150408,    54, 0.00660000, 0.00960000, 0.00630000, 0.00840000,   27127
20150409,    54, 0.00800000, 0.00800000, 0.00640000, 0.00730000,   13615
20150410,    54, 0.00990000, 0.01350000, 0.00690000, 0.00690000,   63235
20150413,    54, 0.00710000, 0.00710000, 0.00640000, 0.00700000,   12675
20150414,    54, 0.00720000, 0.00720000, 0.00640000, 0.00640000,   29795
20150415,    54, 0.00640000, 0.00640000, 0.00520000, 0.00520000,   43868
20150416,    54, 0.00550000, 0.00640000, 0.00550000, 0.00640000,   10433
20150417,    54, 0.00640000, 0.00650000, 0.00590000, 0.00650000,    8953
20150420,    54, 0.00600000, 0.00620000, 0.00520000, 0.00570000,   22546
20150421,    54, 0.00600000, 0.00600000, 0.00480000, 0.00500000,   24837
20150422,    54, 0.00560000, 0.00560000, 0.00410000, 0.00480000,   11964
20150423,    54, 0.00480000, 0.00480000, 0.00410000, 0.00470000,   24847
20150424,    54, 0.00460000, 0.00680000, 0.00420000, 0.00590000,   11896
20150427,    54, 0.00510000, 0.00560000, 0.00460000, 0.00520000,   30806
20150428,    54, 0.00550000, 0.00550000, 0.00410000, 0.00430000,   47899
20150429,    54, 0.00470000, 0.00470000, 0.00410000, 0.00410000,    6010
20150430,    54, 0.00430000, 0.00590000, 0.00420000, 0.00590000,   14334
20150501,    54, 0.00590000, 0.00690000, 0.00590000, 0.00690000,    2663
20150504,    54, 0.00640000, 0.00980000, 0.00640000, 0.00950000,   13142
20150505,    54, 0.00950000, 0.00990000, 0.00690000, 0.00690000,   15570
