Date, Numeric Delivery Month, Open, High, Low, Close, Volume
20131001,    54, 0.75000000, 0.75000000, 0.65000000, 0.71000000,   76356
20131002,    54, 0.73000000, 0.73000000, 0.68000000, 0.70000000,   29092
20131003,    54, 0.70000000, 0.70000000, 0.66000000, 0.68000000,   32740
20131004,    54, 0.68000000, 0.72000000, 0.67000000, 0.71000000,   29692
20131007,    54, 0.72000000, 0.74000000, 0.69000000, 0.71000000,   25051
20131008,    54, 0.74000000, 0.77000000, 0.55000000, 0.62000000,  154239
20131009,    54, 0.60000000, 0.64000000, 0.57000000, 0.57000000,   28438
20131010,    54, 0.59000000, 0.68000000, 0.59000000, 0.67000000,   54599
20131011,    54, 0.69000000, 0.72000000, 0.67000000, 0.68000000,   36340
20131014,    54, 0.66000000, 0.66000000, 0.63000000, 0.64000000,   26793
20131015,    54, 0.63000000, 0.65000000, 0.60000000, 0.62000000,   15203
20131016,    54, 0.62000000, 0.62000000, 0.57000000, 0.58000000,   30306
20131017,    54, 0.60000000, 0.62000000, 0.59000000, 0.61000000,   15621
20131018,    54, 0.61000000, 0.64000000, 0.61000000, 0.63000000,    9823
20131021,    54, 0.64000000, 0.64000000, 0.61000000, 0.62000000,   13235
20131022,    54, 0.61000000, 0.63000000, 0.58000000, 0.58000000,   23796
20131023,    54, 0.60000000, 0.60000000, 0.56000000, 0.57000000,   15165
20131024,    54, 0.55000000, 0.59000000, 0.55000000, 0.56000000,   16564
20131025,    54, 0.57000000, 0.60000000, 0.56000000, 0.58000000,   13198
20131028,    54, 0.60000000, 0.61000000, 0.59000000, 0.60000000,   10533
20131029,    54, 0.61000000, 0.62000000, 0.60000000, 0.60000000,   10380
20131030,    54, 0.62000000, 0.63000000, 0.60000000, 0.61000000,    6345
20131031,    54, 0.62000000, 0.62000000, 0.58000000, 0.58000000,   11929
20131101,    54, 0.60000000, 0.60000000, 0.57000000, 0.58000000,    5314
20131104,    54, 0.57000000, 0.59000000, 0.57000000, 0.57000000,    8090
20131105,    54, 0.59000000, 0.59000000, 0.55000000, 0.55000000,   13614
20131106,    54, 0.55000000, 0.58000000, 0.45000000, 0.48000000,   34931
20131107,    54, 0.47000000, 0.55000000, 0.47000000, 0.52000000,   25561
20131108,    54, 0.50000000, 0.54000000, 0.50000000, 0.53000000,    6913
20131111,    54, 0.54000000, 0.56000000, 0.52000000, 0.53000000,    9806
20131112,    54, 0.55000000, 0.55000000, 0.52000000, 0.53000000,    9098
20131113,    54, 0.53000000, 0.59000000, 0.53000000, 0.55000000,   30735
20131114,    54, 0.61000000, 0.67000000, 0.58000000, 0.67000000,   71342
20131115,    54, 0.68000000, 0.73000000, 0.68000000, 0.68000000,   66504
20131118,    54, 0.70000000, 0.71000000, 0.66000000, 0.68000000,   26402
20131119,    54, 0.68000000, 0.69000000, 0.64000000, 0.66000000,   21206
20131120,    54, 0.67000000, 0.67000000, 0.64000000, 0.64000000,    7017
20131121,    54, 0.66000000, 0.66000000, 0.62000000, 0.64000000,   17670
20131122,    54, 0.66000000, 0.69000000, 0.64000000, 0.66000000,   11350
20131125,    54, 0.68000000, 0.68000000, 0.62000000, 0.63000000,   11531
20131126,    54, 0.65000000, 0.68000000, 0.63000000, 0.66000000,   19616
20131127,    54, 0.67000000, 0.71000000, 0.66000000, 0.71000000,   31167
20131129,    54, 0.71000000, 0.74000000, 0.71000000, 0.74000000,   30512
20131202,    54, 0.75000000, 0.83000000, 0.74000000, 0.82000000,   87940
20131203,    54, 0.84000000, 0.84000000, 0.76000000, 0.79000000,   46756
20131204,    54, 1.05000000, 1.28000000, 1.01000000, 1.27000000,  372817
20131205,    54, 1.45000000, 1.96000000, 1.43000000, 1.81000000,  699536
20131206,    54, 2.08000000, 2.24000000, 1.84000000, 2.06000000,  522136
20131209,    54, 1.93000000, 1.93000000, 1.61000000, 1.68000000,  252056
20131210,    54, 1.65000000, 1.88000000, 1.48000000, 1.87000000,  229996
20131211,    54, 1.81000000, 1.89000000, 1.72000000, 1.77000000,   73133
20131212,    54, 1.82000000, 1.99000000, 1.81000000, 1.98000000,  145467
20131213,    54, 2.05000000, 2.17000000, 2.02000000, 2.09000000,  158148
20131216,    54, 1.99000000, 2.06000000, 1.90000000, 1.95000000,   86754
20131217,    54, 1.89000000, 1.95000000, 1.74000000, 1.81000000,  101393
20131218,    54, 1.88000000, 1.89000000, 1.78000000, 1.82000000,   30454
20131219,    54, 1.84000000, 1.84000000, 1.74000000, 1.80000000,   36278
20131220,    54, 1.80000000, 1.87000000, 1.80000000, 1.84000000,   38829
20131223,    54, 1.86000000, 1.86000000, 1.76000000, 1.77000000,   29679
20131224,    54, 1.75000000, 1.80000000, 1.69000000, 1.75000000,   24132
20131226,    54, 1.75000000, 1.78000000, 1.70000000, 1.72000000,   23731
20131227,    54, 1.70000000, 1.73000000, 1.55000000, 1.66000000,   62954
20131230,    54, 1.67000000, 1.68000000, 1.60000000, 1.63000000,   22031
20131231,    54, 1.64000000, 1.65000000, 1.55000000, 1.55000000,   36912
20140102,    54, 2.06000000, 2.33000000, 1.89000000, 2.33000000,  530294
20140103,    54, 2.55000000, 2.84000000, 2.41000000, 2.61000000,  646763
20140106,    54, 2.64000000, 2.82000000, 2.43000000, 2.77000000,  260199
20140107,    54, 3.09000000, 4.14000000, 3.05000000, 3.85000000, 1221149
20140108,    54, 4.12000000, 4.90000000, 4.01000000, 4.55000000, 1109748
20140109,    54, 4.00000000, 4.00000000, 3.31000000, 3.32000000,  642598
20140110,    54, 3.46000000, 4.00000000, 3.41000000, 3.65000000,  512668
20140113,    54, 3.88000000, 3.98000000, 3.57000000, 3.63000000,  222659
20140114,    54, 3.73000000, 3.75000000, 3.33000000, 3.59000000,  186514
20140115,    54, 3.63000000, 3.89000000, 3.49000000, 3.80000000,  243931
20140116,    54, 3.90000000, 4.20000000, 3.46000000, 3.55000000,  546471
20140117,    54, 3.56000000, 3.63000000, 3.45000000, 3.48000000,  130885
20140121,    54, 3.63000000, 3.63000000, 3.41000000, 3.50000000,  137711
20140122,    54, 3.50000000, 3.53000000, 3.33000000, 3.34000000,  122057
20140123,    54, 3.19000000, 3.24000000, 2.98000000, 3.08000000,  168277
20140124,    54, 2.96000000, 2.99000000, 2.75000000, 2.81000000,  156197
20140127,    54, 2.94000000, 2.95000000, 2.22000000, 2.61000000,  248085
20140128,    54, 2.71000000, 2.73000000, 2.55000000, 2.69000000,   99582
20140129,    54, 2.61000000, 3.21000000, 2.56000000, 2.97000000,  296136
20140130,    54, 3.03000000, 3.25000000, 3.03000000, 3.12000000,  176469
20140131,    54, 3.16000000, 3.21000000, 2.95000000, 3.02000000,  105052
20140203,    54, 3.10000000, 3.16000000, 2.80000000, 2.84000000,  102401
20140204,    54, 2.88000000, 3.30000000, 2.80000000, 3.27000000,  244433
20140205,    54, 3.18000000, 3.23000000, 3.02000000, 3.07000000,  124436
20140206,    54, 3.17000000, 3.36000000, 3.11000000, 3.18000000,  150784
20140207,    54, 3.16000000, 3.24000000, 3.06000000, 3.10000000,   90462
20140210,    54, 3.63000000, 3.79000000, 3.43000000, 3.55000000,  479773
20140211,    54, 3.67000000, 3.68000000, 3.50000000, 3.51000000,  129904
20140212,    54, 3.55000000, 3.84000000, 3.51000000, 3.74000000,  228855
20140213,    54, 3.79000000, 3.94000000, 3.77000000, 3.94000000,  193205
20140214,    54, 3.94000000, 3.95000000, 3.73000000, 3.78000000,  136303
20140218,    54, 3.88000000, 3.92000000, 3.80000000, 3.87000000,   83705
20140219,    54, 3.82000000, 3.85000000, 3.56000000, 3.59000000,  124695
20140220,    54, 3.50000000, 3.72000000, 3.36000000, 3.70000000,  140270
20140221,    54, 3.69000000, 3.75000000, 3.58000000, 3.63000000,   61590
20140224,    54, 3.66000000, 3.75000000, 3.60000000, 3.69000000,   78275
20140225,    54, 3.67000000, 4.05000000, 3.67000000, 3.90000000,  331592
20140226,    54, 4.49000000, 4.64000000, 4.25000000, 4.41000000,  529060
20140227,    54, 4.38000000, 4.57000000, 4.25000000, 4.37000000,  218122
20140228,    54, 4.51000000, 4.84000000, 4.45000000, 4.67000000,  373536
20140303,    54, 4.60000000, 5.83000000, 4.50000000, 5.82000000,  844140
20140304,    54, 6.46000000, 7.09000000, 6.24000000, 6.69000000, 1214344
20140305,    54, 6.96000000, 7.01000000, 6.45000000, 6.75000000,  560426
20140306,    54, 6.45000000, 6.69000000, 6.02000000, 6.36000000,  478386
20140307,    54, 6.79000000, 8.35000000, 6.53000000, 8.27000000, 1257470
20140310,    54, 9.23000000,11.41000000, 8.57000000,10.31000000, 2117577
20140311,    54,11.44000000,11.72000000, 5.95000000, 6.03000000, 2432721
20140312,    54, 5.82000000, 7.40000000, 5.32000000, 6.80000000, 1409490
20140313,    54, 7.58000000, 8.48000000, 6.96000000, 8.00000000, 1313481
20140314,    54, 7.48000000, 7.99000000, 6.58000000, 6.71000000,  753798
20140317,    54, 7.18000000, 7.34000000, 6.27000000, 6.51000000,  580736
20140318,    54, 6.49000000, 6.59000000, 5.82000000, 5.96000000,  569455
20140319,    54, 6.19000000, 6.57000000, 5.99000000, 6.21000000,  524224
20140320,    54, 6.10000000, 6.33000000, 5.91000000, 5.97000000,  278523
20140321,    54, 6.09000000, 6.12000000, 5.33000000, 5.94000000,  525972
20140324,    54, 6.10000000, 6.23000000, 5.56000000, 5.69000000,  265595
20140325,    54, 5.93000000, 8.48000000, 5.80000000, 8.48000000, 1370215
20140326,    54, 7.63000000, 7.86000000, 6.26000000, 6.45000000, 1192527
20140327,    54, 6.55000000, 7.19000000, 6.21000000, 6.89000000,  451878
20140328,    54, 6.85000000, 7.15000000, 6.68000000, 6.90000000,  261629
20140331,    54, 7.09000000, 7.42000000, 6.92000000, 7.10000000,  363132
20140401,    54, 7.01000000, 7.68000000, 6.85000000, 7.54000000,  418720
20140402,    54, 7.61000000, 8.10000000, 7.17000000, 7.48000000,  594882
20140403,    54, 7.70000000, 7.87000000, 7.47000000, 7.63000000,  274094
20140404,    54, 7.64000000, 7.72000000, 6.95000000, 7.12000000,  272079
20140407,    54, 6.95000000, 7.18000000, 6.58000000, 6.74000000,  194538
20140408,    54, 7.08000000, 7.28000000, 6.80000000, 7.21000000,  177445
20140409,    54, 7.12000000, 7.23000000, 7.01000000, 7.15000000,  109389
20140410,    54, 7.15000000, 7.43000000, 6.91000000, 7.04000000,  158756
20140411,    54, 6.95000000, 7.40000000, 6.81000000, 7.29000000,  196444
20140414,    54, 7.37000000, 7.70000000, 7.06000000, 7.32000000,  198391
20140415,    54, 7.40000000, 7.48000000, 6.53000000, 6.99000000,  234483
20140416,    54, 7.13000000, 7.19000000, 6.83000000, 7.08000000,  112472
20140417,    54, 7.08000000, 7.44000000, 7.00000000, 7.32000000,  198305
20140421,    54, 7.61000000, 8.37000000, 6.81000000, 7.01000000,  584957
20140422,    54, 6.90000000, 6.98000000, 6.55000000, 6.70000000,  311828
20140423,    54, 6.15000000, 6.63000000, 6.03000000, 6.41000000,  240796
20140424,    54, 6.50000000, 6.57000000, 6.00000000, 6.01000000,  209895
20140425,    54, 5.60000000, 5.75000000, 5.32000000, 5.37000000,  515496
20140428,    54, 5.37000000, 5.40000000, 4.34000000, 4.66000000,  429077
20140429,    54, 4.44000000, 5.08000000, 4.11000000, 4.81000000,  370135
20140430,    54, 4.83000000, 4.85000000, 4.55000000, 4.65000000,  131673
20140501,    54, 4.67000000, 4.98000000, 4.55000000, 4.69000000,  180705
20140502,    54, 4.73000000, 4.76000000, 4.45000000, 4.50000000,  155275
20140505,    54, 4.41000000, 4.43000000, 4.01000000, 4.06000000,  275306
20140506,    54, 4.05000000, 4.14000000, 3.71000000, 3.80000000,  266405
20140507,    54, 3.90000000, 4.08000000, 3.65000000, 3.95000000,  241250
20140508,    54, 3.88000000, 4.06000000, 3.62000000, 3.64000000,  228886
20140509,    54, 3.93000000, 3.95000000, 3.67000000, 3.72000000,  206331
20140512,    54, 3.81000000, 3.92000000, 3.70000000, 3.90000000,  203663
20140513,    54, 4.08000000, 4.55000000, 4.00000000, 4.09000000,  551664
20140514,    54, 3.83000000, 4.04000000, 3.70000000, 3.82000000,  329383
20140515,    54, 4.00000000, 4.16000000, 3.89000000, 4.03000000,  274645
20140516,    54, 4.10000000, 4.45000000, 4.04000000, 4.29000000,  298849
20140519,    54, 4.38000000, 4.58000000, 4.31000000, 4.49000000,  183241
20140520,    54, 4.49000000, 4.66000000, 4.32000000, 4.40000000,  179249
20140521,    54, 4.48000000, 4.55000000, 4.36000000, 4.43000000,  121144
20140522,    54, 4.42000000, 4.45000000, 4.17000000, 4.30000000,  137158
20140523,    54, 4.20000000, 4.30000000, 4.07000000, 4.09000000,   94862
20140527,    54, 4.00000000, 4.09000000, 3.95000000, 4.00000000,   91234
20140528,    54, 4.00000000, 4.49000000, 4.00000000, 4.36000000,  201440
20140529,    54, 4.30000000, 4.61000000, 4.27000000, 4.36000000,  214473
20140530,    54, 4.43000000, 4.47000000, 4.27000000, 4.35000000,   88144
20140602,    54, 4.49000000, 4.52000000, 4.36000000, 4.38000000,   71962
20140603,    54, 4.37000000, 4.58000000, 4.29000000, 4.41000000,  119612
20140604,    54, 4.25000000, 4.43000000, 4.17000000, 4.35000000,   90141
20140605,    54, 4.38000000, 4.53000000, 4.35000000, 4.44000000,   99609
20140606,    54, 4.45000000, 4.47000000, 4.32000000, 4.39000000,   55748
20140609,    54, 4.37000000, 4.40000000, 4.20000000, 4.31000000,   79046
20140610,    54, 4.26000000, 4.32000000, 4.14000000, 4.19000000,   62602
20140611,    54, 4.17000000, 4.19000000, 4.05000000, 4.08000000,   75679
20140612,    54, 4.10000000, 4.25000000, 4.03000000, 4.11000000,   90809
20140613,    54, 4.12000000, 4.15000000, 4.05000000, 4.15000000,   51076
20140616,    54, 4.13000000, 4.15000000, 4.05000000, 4.10000000,   55318
20140617,    54, 4.11000000, 4.32000000, 4.06000000, 4.29000000,  115122
20140618,    54, 4.32000000, 5.12000000, 4.32000000, 5.05000000,  573930
20140619,    54, 5.18000000, 5.25000000, 4.68000000, 4.70000000,  375060
20140620,    54, 4.72000000, 4.97000000, 4.66000000, 4.80000000,  146960
20140623,    54, 4.88000000, 4.94000000, 4.72000000, 4.80000000,   99032
20140624,    54, 4.82000000, 4.83000000, 4.37000000, 4.45000000,  151222
20140625,    54, 4.42000000, 4.62000000, 4.37000000, 4.53000000,   91003
20140626,    54, 4.51000000, 4.87000000, 4.44000000, 4.74000000,  214024
20140627,    54, 4.68000000, 4.83000000, 4.63000000, 4.73000000,  344715
20140630,    54, 4.73000000, 4.82000000, 4.62000000, 4.68000000,   73639
20140701,    54, 4.70000000, 4.85000000, 4.62000000, 4.72000000,  141069
20140702,    54, 4.71000000, 4.77000000, 4.53000000, 4.55000000,   75939
20140703,    54, 4.57000000, 4.62000000, 4.50000000, 4.52000000,   34042
20140707,    54, 4.52000000, 4.59000000, 4.45000000, 4.48000000,   51716
20140708,    54, 4.47000000, 4.50000000, 4.25000000, 4.33000000,   78537
20140709,    54, 4.30000000, 4.38000000, 4.25000000, 4.33000000,   29756
20140710,    54, 4.20000000, 4.33000000, 4.14000000, 4.25000000,   48674
20140711,    54, 4.24000000, 4.35000000, 4.20000000, 4.23000000,   36324
20140714,    54, 4.26000000, 4.34000000, 4.17000000, 4.18000000,   48278
20140715,    54, 4.65000000, 4.99000000, 4.58000000, 4.85000000,  434129
20140716,    54, 5.04000000, 5.12000000, 4.73000000, 4.77000000,  223261
20140717,    54, 4.65000000, 4.77000000, 4.52000000, 4.58000000,   91538
20140718,    54, 4.56000000, 5.05000000, 4.56000000, 5.03000000,  174835
20140721,    54, 5.18000000, 5.75000000, 5.06000000, 5.69000000,  573631
20140722,    54, 5.93000000, 6.33000000, 5.40000000, 5.47000000,  799526
20140723,    54, 5.67000000, 5.89000000, 5.38000000, 5.63000000,  352951
20140724,    54, 5.67000000, 5.71000000, 5.30000000, 5.39000000,  136757
20140725,    54, 5.40000000, 5.46000000, 5.26000000, 5.42000000,  103265
20140728,    54, 5.46000000, 5.69000000, 5.40000000, 5.52000000,  144524
20140729,    54, 6.00000000, 6.08000000, 5.71000000, 5.77000000,  293706
20140730,    54, 5.83000000, 5.86000000, 5.60000000, 5.70000000,  106436
20140731,    54, 5.58000000, 5.67000000, 5.40000000, 5.42000000,  112848
20140801,    54, 5.40000000, 5.49000000, 5.13000000, 5.38000000,  110939
20140804,    54, 5.43000000, 5.47000000, 5.30000000, 5.41000000,   66963
20140805,    54, 5.33000000, 5.38000000, 5.20000000, 5.27000000,   64488
20140806,    54, 5.26000000, 5.36000000, 5.20000000, 5.32000000,   47085
20140807,    54, 5.33000000, 5.58000000, 5.33000000, 5.55000000,   96591
20140808,    54, 5.58000000, 5.76000000, 5.55000000, 5.65000000,  101713
20140811,    54, 5.78000000, 5.85000000, 5.70000000, 5.82000000,   89526
20140812,    54, 5.85000000, 5.86000000, 5.56000000, 5.65000000,   84448
20140813,    54, 5.75000000, 5.95000000, 5.62000000, 5.86000000,  142099
20140814,    54, 6.37000000, 6.47000000, 5.69000000, 6.11000000,  560737
20140815,    54, 6.12000000, 6.13000000, 5.88000000, 5.92000000,  147516
20140818,    54, 5.99000000, 6.02000000, 5.89000000, 5.94000000,   82459
20140819,    54, 5.97000000, 6.00000000, 5.75000000, 5.86000000,  105411
20140820,    54, 5.74000000, 5.87000000, 5.71000000, 5.87000000,   66746
20140821,    54, 5.85000000, 5.86000000, 5.75000000, 5.81000000,   58698
20140822,    54, 5.77000000, 5.90000000, 5.71000000, 5.89000000,   75048
20140825,    54, 5.94000000, 6.12000000, 5.91000000, 6.01000000,  119118
20140826,    54, 6.00000000, 6.02000000, 5.73000000, 5.75000000,  158176
20140827,    54, 5.75000000, 5.84000000, 5.73000000, 5.76000000,   58036
20140828,    54, 5.73000000, 5.74000000, 5.47000000, 5.55000000,  122029
20140829,    54, 5.56000000, 5.62000000, 5.50000000, 5.58000000,   49338
20140902,    54, 5.58000000, 5.64000000, 5.32000000, 5.42000000,   91222
20140903,    54, 5.36000000, 5.46000000, 5.22000000, 5.24000000,   82023
20140904,    54, 5.28000000, 5.32000000, 5.20000000, 5.25000000,   57252
20140905,    54, 5.25000000, 5.45000000, 5.17000000, 5.43000000,   61038
20140908,    54, 5.36000000, 5.58000000, 5.35000000, 5.47000000,   69370
20140909,    54, 5.38000000, 5.40000000, 5.21000000, 5.27000000,   68109
20140910,    54, 5.25000000, 5.27000000, 5.05000000, 5.06000000,   91331
20140911,    54, 5.03000000, 5.24000000, 5.03000000, 5.14000000,   55246
20140912,    54, 5.12000000, 5.17000000, 5.06000000, 5.10000000,   53767
20140915,    54, 5.05000000, 5.07000000, 4.75000000, 4.78000000,  111395
20140916,    54, 4.72000000, 4.75000000, 4.58000000, 4.67000000,   65035
20140917,    54, 4.70000000, 4.75000000, 4.56000000, 4.62000000,   55387
20140918,    54, 4.60000000, 4.62000000, 4.26000000, 4.31000000,  120791
20140919,    54, 4.31000000, 4.54000000, 4.26000000, 4.43000000,   89426
20140922,    54, 4.42000000, 4.55000000, 4.16000000, 4.18000000,  128787
20140923,    54, 4.15000000, 4.63000000, 4.00000000, 4.58000000,  231391
20140924,    54, 4.64000000, 4.65000000, 4.35000000, 4.46000000,  143685
20140925,    54, 4.50000000, 4.53000000, 4.26000000, 4.30000000,   50775
20140926,    54, 4.32000000, 4.39000000, 4.24000000, 4.35000000,   41615
20140929,    54, 4.25000000, 4.60000000, 4.20000000, 4.47000000,  102969
20140930,    54, 4.53000000, 4.74000000, 4.50000000, 4.59000000,   93788
20141001,    54, 4.55000000, 4.64000000, 4.33000000, 4.41000000,   84014
20141002,    54, 4.40000000, 4.60000000, 4.38000000, 4.57000000,   49689
20141003,    54, 4.61000000, 4.68000000, 4.53000000, 4.56000000,   57908
20141006,    54, 4.55000000, 4.56000000, 4.26000000, 4.41000000,   63473
20141007,    54, 4.32000000, 4.42000000, 4.25000000, 4.30000000,   35109
20141008,    54, 4.30000000, 4.59000000, 4.23000000, 4.55000000,  126501
20141009,    54, 4.53000000, 4.59000000, 4.35000000, 4.41000000,   42793
20141010,    54, 4.42000000, 4.65000000, 4.35000000, 4.44000000,   60537
20141013,    54, 4.40000000, 4.50000000, 4.22000000, 4.23000000,   88396
20141014,    54, 4.26000000, 4.45000000, 4.15000000, 4.34000000,   77940
20141015,    54, 4.25000000, 4.42000000, 4.16000000, 4.37000000,   64492
20141016,    54, 4.24000000, 4.45000000, 4.21000000, 4.40000000,   44255
20141017,    54, 4.48000000, 4.50000000, 4.34000000, 4.38000000,   41903
20141020,    54, 4.33000000, 4.52000000, 4.32000000, 4.45000000,   68608
20141021,    54, 4.46000000, 4.50000000, 4.37000000, 4.41000000,   39322
20141022,    54, 4.38000000, 4.43000000, 4.28000000, 4.29000000,   35342
20141023,    54, 4.31000000, 4.38000000, 4.25000000, 4.30000000,   27038
20141024,    54, 4.33000000, 4.35000000, 4.25000000, 4.34000000,   34380
20141027,    54, 4.30000000, 4.32000000, 4.25000000, 4.30000000,   23335
20141028,    54, 4.27000000, 4.47000000, 4.27000000, 4.42000000,   53477
20141029,    54, 4.41000000, 4.48000000, 4.31000000, 4.44000000,   41753
20141030,    54, 4.40000000, 4.55000000, 4.35000000, 4.49000000,   65994
20141031,    54, 4.56000000, 4.75000000, 4.52000000, 4.71000000,  109722
20141103,    54, 4.82000000, 5.40000000, 4.81000000, 5.14000000,  244421
20141104,    54, 5.21000000, 5.48000000, 5.16000000, 5.35000000,  189473
20141105,    54, 5.46000000, 5.46000000, 4.94000000, 4.96000000,  134728
20141106,    54, 5.02000000, 5.24000000, 4.99000000, 5.12000000,   62534
20141107,    54, 5.15000000, 5.30000000, 5.02000000, 5.30000000,   60338
20141110,    54, 5.35000000, 5.46000000, 5.22000000, 5.28000000,   61369
20141111,    54, 5.31000000, 5.34000000, 5.05000000, 5.08000000,   60021
20141112,    54, 4.35000000, 4.48000000, 4.20000000, 4.24000000,  249170
20141113,    54, 4.24000000, 4.32000000, 4.01000000, 4.06000000,  104209
20141114,    54, 3.99000000, 4.01000000, 3.60000000, 3.72000000,  176326
20141117,    54, 3.82000000, 3.84000000, 3.70000000, 3.72000000,   63141
20141118,    54, 3.82000000, 4.08000000, 3.77000000, 4.04000000,  124504
20141119,    54, 4.03000000, 4.16000000, 3.95000000, 3.96000000,   80372
20141120,    54, 3.90000000, 3.94000000, 3.83000000, 3.94000000,   31301
20141121,    54, 4.00000000, 4.04000000, 3.90000000, 3.93000000,   30628
20141124,    54, 3.93000000, 3.98000000, 3.88000000, 3.95000000,   26222
20141125,    54, 3.96000000, 4.03000000, 3.96000000, 4.00000000,   26801
20141126,    54, 3.99000000, 4.00000000, 3.92000000, 3.96000000,   21786
20141128,    54, 3.90000000, 3.93000000, 3.79000000, 3.82000000,   42211
20141201,    54, 3.75000000, 3.77000000, 3.42000000, 3.54000000,   80534
20141202,    54, 3.52000000, 3.69000000, 3.45000000, 3.60000000,   41760
20141203,    54, 3.59000000, 3.63000000, 3.46000000, 3.50000000,   49558
20141204,    54, 3.92000000, 4.02000000, 3.64000000, 3.70000000,  165276
20141205,    54, 3.74000000, 3.79000000, 3.55000000, 3.60000000,   59144
20141208,    54, 3.54000000, 3.61000000, 3.24000000, 3.37000000,   98883
20141209,    54, 3.25000000, 3.30000000, 3.06000000, 3.28000000,   82318
20141210,    54, 3.29000000, 3.35000000, 3.13000000, 3.19000000,   51891
20141211,    54, 3.18000000, 3.27000000, 3.09000000, 3.10000000,   40875
20141212,    54, 3.03000000, 3.05000000, 2.86000000, 2.93000000,   74752
20141215,    54, 3.00000000, 3.03000000, 2.73000000, 2.77000000,   67963
20141216,    54, 2.64000000, 2.89000000, 2.60000000, 2.73000000,   67832
20141217,    54, 2.73000000, 2.98000000, 2.73000000, 2.94000000,   69519
20141218,    54, 3.09000000, 3.13000000, 2.86000000, 2.92000000,   71025
20141219,    54, 2.91000000, 3.08000000, 2.85000000, 3.05000000,   64789
20141222,    54, 3.08000000, 3.12000000, 2.99000000, 3.05000000,   36731
20141223,    54, 3.04000000, 3.06000000, 2.93000000, 3.06000000,   34476
20141224,    54, 3.00000000, 3.05000000, 2.96000000, 3.05000000,   22025
20141226,    54, 3.00000000, 3.15000000, 3.00000000, 3.08000000,   43626
20141229,    54, 3.08000000, 3.22000000, 3.07000000, 3.13000000,   58362
20141230,    54, 3.12000000, 3.22000000, 3.10000000, 3.12000000,   49277
20141231,    54, 3.10000000, 3.15000000, 3.00000000, 3.00000000,   41588
20150102,    54, 2.97000000, 2.98000000, 2.85000000, 2.98000000,   39577
20150105,    54, 3.07000000, 3.12000000, 2.94000000, 3.01000000,   67139
20150106,    54, 3.01000000, 3.13000000, 2.92000000, 3.05000000,   59976
20150107,    54, 3.06000000, 3.09000000, 2.96000000, 3.05000000,   30074
20150108,    54, 3.05000000, 3.08000000, 2.98000000, 3.08000000,   32031
20150109,    54, 3.05000000, 3.08000000, 2.98000000, 3.01000000,   25687
20150112,    54, 2.99000000, 3.04000000, 2.90000000, 2.94000000,   25072
20150113,    54, 2.94000000, 2.98000000, 2.82000000, 2.91000000,   32862
20150114,    54, 2.81000000, 2.87000000, 2.69000000, 2.75000000,   55311
20150115,    54, 2.77000000, 2.78000000, 2.52000000, 2.55000000,   64609
20150116,    54, 2.52000000, 2.67000000, 2.48000000, 2.67000000,   34364
20150120,    54, 2.70000000, 2.71000000, 2.55000000, 2.60000000,   28827
20150121,    54, 2.59000000, 2.69000000, 2.57000000, 2.68000000,   28201
20150122,    54, 2.71000000, 2.95000000, 2.68000000, 2.90000000,   71561
20150123,    54, 2.89000000, 2.92000000, 2.82000000, 2.87000000,   24259
20150126,    54, 2.86000000, 3.10000000, 2.83000000, 3.07000000,   81307
20150127,    54, 3.04000000, 3.25000000, 2.97000000, 3.18000000,   85193
20150128,    54, 3.29000000, 3.30000000, 2.86000000, 2.89000000,  127958
20150129,    54, 2.90000000, 2.92000000, 2.70000000, 2.75000000,   51223
20150130,    54, 2.70000000, 2.79000000, 2.63000000, 2.67000000,   34559
20150202,    54, 2.67000000, 2.79000000, 2.62000000, 2.78000000,   41989
20150203,    54, 2.81000000, 2.93000000, 2.79000000, 2.88000000,   35146
20150204,    54, 2.89000000, 2.94000000, 2.83000000, 2.87000000,   25731
20150205,    54, 2.92000000, 2.93000000, 2.86000000, 2.89000000,   20785
20150206,    54, 2.88000000, 2.97000000, 2.82000000, 2.91000000,   25902
20150209,    54, 2.89000000, 2.91000000, 2.79000000, 2.91000000,   30995
20150210,    54, 2.93000000, 3.09000000, 2.92000000, 3.06000000,   58871
20150211,    54, 3.20000000, 3.36000000, 3.19000000, 3.26000000,  116749
20150212,    54, 3.27000000, 3.30000000, 3.12000000, 3.15000000,   57205
20150213,    54, 3.14000000, 3.20000000, 3.07000000, 3.15000000,   37103
20150217,    54, 3.13000000, 3.19000000, 3.08000000, 3.14000000,   27317
20150218,    54, 3.11000000, 3.12000000, 3.03000000, 3.07000000,   27046
20150219,    54, 3.06000000, 3.23000000, 3.02000000, 3.14000000,   53393
20150220,    54, 3.15000000, 3.28000000, 3.13000000, 3.24000000,  100022
20150223,    54, 3.32000000, 3.38000000, 3.21000000, 3.28000000,   78800
20150224,    54, 3.25000000, 3.27000000, 3.10000000, 3.16000000,   64855
20150225,    54, 3.16000000, 3.21000000, 3.03000000, 3.12000000,   44905
20150226,    54, 3.07000000, 3.12000000, 3.03000000, 3.11000000,   29145
20150227,    54, 3.09000000, 3.12000000, 3.04000000, 3.08000000,   22174
20150302,    54, 3.06000000, 3.14000000, 3.03000000, 3.13000000,   33741
20150303,    54, 3.00000000, 3.14000000, 2.99000000, 3.02000000,   62142
20150304,    54, 3.00000000, 3.03000000, 2.91000000, 2.93000000,   40178
20150305,    54, 2.92000000, 3.03000000, 2.91000000, 2.97000000,   26777
20150306,    54, 2.95000000, 3.03000000, 2.95000000, 2.97000000,   23765
20150309,    54, 2.97000000, 3.01000000, 2.80000000, 2.91000000,   41777
20150310,    54, 2.85000000, 2.90000000, 2.80000000, 2.86000000,   23218
20150311,    54, 2.85000000, 2.89000000, 2.70000000, 2.80000000,   32693
20150312,    54, 2.81000000, 2.84000000, 2.70000000, 2.78000000,   28590
20150313,    54, 2.75000000, 2.86000000, 2.72000000, 2.86000000,   22005
20150316,    54, 2.85000000, 2.90000000, 2.71000000, 2.75000000,   31536
20150317,    54, 2.54000000, 2.67000000, 2.42000000, 2.61000000,   90181
20150318,    54, 2.57000000, 2.60000000, 2.53000000, 2.59000000,   25758
20150319,    54, 2.63000000, 2.77000000, 2.61000000, 2.71000000,   37275
20150320,    54, 2.72000000, 2.74000000, 2.66000000, 2.66000000,   29017
20150323,    54, 2.66000000, 2.72000000, 2.57000000, 2.65000000,   25439
20150324,    54, 2.64000000, 2.70000000, 2.63000000, 2.67000000,   14869
20150325,    54, 2.69000000, 2.70000000, 2.60000000, 2.63000000,   17194
20150326,    54, 2.60000000, 2.65000000, 2.56000000, 2.62000000,   22908
20150327,    54, 2.61000000, 2.65000000, 2.58000000, 2.64000000,   17265
20150330,    54, 2.65000000, 2.73000000, 2.64000000, 2.68000000,   60990
20150331,    54, 2.65000000, 2.66000000, 2.55000000, 2.59000000,   30076
20150401,    54, 2.57000000, 2.60000000, 2.48000000, 2.52000000,   46737
20150402,    54, 2.50000000, 2.57000000, 2.49000000, 2.56000000,   20911
20150406,    54, 2.53000000, 2.55000000, 2.49000000, 2.52000000,   22614
20150407,    54, 2.56000000, 2.61000000, 2.50000000, 2.51000000,   27709
20150408,    54, 2.52000000, 2.55000000, 2.47000000, 2.49000000,   26008
20150409,    54, 2.56000000, 2.68000000, 2.53000000, 2.62000000,   59829
20150410,    54, 2.66000000, 2.67000000, 2.55000000, 2.61000000,   38001
20150413,    54, 2.61000000, 2.65000000, 2.58000000, 2.59000000,   15096
20150414,    54, 2.60000000, 2.78000000, 2.58000000, 2.67000000,   56148
20150415,    54, 2.70000000, 2.82000000, 2.64000000, 2.78000000,   60204
20150416,    54, 2.79000000, 2.79000000, 2.69000000, 2.72000000,   21458
20150417,    54, 2.75000000, 2.77000000, 2.65000000, 2.67000000,   29992
20150420,    54, 2.70000000, 2.78000000, 2.62000000, 2.72000000,   41049
20150421,    54, 2.71000000, 2.72000000, 2.66000000, 2.67000000,   19289
20150422,    54, 2.67000000, 2.68000000, 2.62000000, 2.65000000,   13451
20150423,    54, 2.65000000, 2.69000000, 2.63000000, 2.67000000,   13958
20150424,    54, 2.67000000, 2.68000000, 2.62000000, 2.65000000,   13503
20150427,    54, 2.67000000, 2.68000000, 2.57000000, 2.59000000,   17323
20150428,    54, 2.57000000, 2.62000000, 2.56000000, 2.57000000,   17115
20150429,    54, 2.55000000, 2.60000000, 2.52000000, 2.56000000,   25104
20150430,    54, 2.56000000, 2.57000000, 2.51000000, 2.54000000,   21306
20150501,    54, 2.54000000, 2.56000000, 2.48000000, 2.49000000,   26506
20150504,    54, 2.50000000, 2.54000000, 2.48000000, 2.50000000,   19220
20150505,    54, 2.50000000, 2.52000000, 2.40000000, 2.42000000,   38304
